1 1
1 2
1 3
1 4
1 5
1 6
1 7
1 8
1 9
1 10
1 11
1 12
1 13
1 14
1 15
1 16
1 17
1 18
1 19
2 19
3 19
2 19
1 19
1 20
1 21
1 22
1 23
1 24
1 25
1 26
1 27
1 28
1 29
1 30
1 31
1 32
1 33
2 33
3 33
3 32
3 31
3 30
3 29
4 29
5 29
5 28
5 27
5 26
5 25
5 26
5 27
5 28
5 29
4 29
3 29
3 30
3 31
3 32
3 33
2 33
1 33
1 34
1 35
2 35
3 35
4 35
5 35
6 35
7 35
8 35
9 35
10 35
11 35
11 34
11 33
12 33
13 33
14 33
15 33
15 32
15 31
16 31
17 31
18 31
19 31
20 31
21 31
22 31
23 31
24 31
25 31
26 31
27 31
27 30
27 29
27 28
27 27
27 26
27 25
28 25
29 25
30 25
31 25
32 25
33 25
32 25
31 25
30 25
29 25
28 25
27 25
27 26
27 27
27 28
27 29
27 30
27 31
26 31
25 31
24 31
23 31
23 32
23 33
23 34
23 35
24 35
25 35
26 35
27 35
28 35
29 35
30 35
29 35
28 35
27 35
26 35
25 35
24 35
23 35
23 34
23 33
23 32
23 31
22 31
21 31
21 30
21 29
22 29
23 29
24 29
25 29
25 28
25 27
25 26
25 25
24 25
23 25
23 24
23 23
24 23
25 23
25 22
25 21
25 20
25 19
26 19
27 19
28 19
29 19
29 18
29 17
29 16
29 15
30 15
31 15
31 14
31 13
31 12
31 11
31 12
31 13
31 14
31 15
30 15
29 15
29 14
29 13
29 12
29 11
28 11
27 11
27 12
27 13
26 13
25 13
25 14
25 15
24 15
23 15
22 15
21 15
20 15
19 15
18 15
17 15
17 14
17 13
17 12
17 11
18 11
17 11
17 12
17 13
17 14
17 15
16 15
15 15
14 15
13 15
12 15
11 15
10 15
9 15
8 15
7 15
7 14
7 13
6 13
5 13
5 12
5 11
5 10
5 9
5 8
5 7
6 7
7 7
7 6
7 5
8 5
9 5
9 4
9 3
10 3
11 3
12 3
13 3
14 3
15 3
15 2
15 1
16 1
17 1
18 1
19 1
